      0/29     12.5G   0.05953   0.01232   0.01546   0.08731        28       640    0.8093    0.2701    0.1415   0.05028   0.08363  0.007155   0.01529
      1/29     12.4G   0.05581  0.008758  0.008591   0.07316        23       640    0.9251    0.1863    0.2411   0.06058   0.08192  0.006266   0.01317
      2/29     12.4G   0.05333  0.008105   0.00795   0.06939        41       640    0.9514    0.2401    0.3487    0.1793   0.07008  0.005315    0.0129
      3/29     12.4G   0.04748  0.007229  0.007082   0.06179        37       640    0.3307    0.4087      0.39    0.2412   0.07469  0.005246   0.01219
      4/29     12.4G    0.0442  0.007615  0.006892   0.05871        34       640    0.2007    0.2889     0.132   0.03443    0.1049  0.006357   0.03713
      5/29     12.4G   0.05033  0.008112  0.007177   0.06562        36       640    0.8571    0.1744    0.2576   0.09481   0.09339   0.00541   0.01649
      6/29     12.4G   0.04474  0.007382  0.006634   0.05875        27       640    0.9758    0.2838    0.3554    0.1286   0.09196  0.003966   0.01089
      7/29     12.4G   0.04414  0.007149  0.006291   0.05758        38       640    0.9563    0.2496     0.332    0.1971   0.08017  0.005271   0.01343
      8/29     12.4G   0.04388  0.006775  0.006851   0.05751        42       640    0.8958    0.2444    0.3278    0.2114   0.08037  0.005137   0.01263
      9/29     12.4G   0.03749  0.006581  0.005634   0.04971        31       640    0.1365    0.5618    0.2938    0.1434   0.08493  0.005032   0.01287
     10/29     12.4G   0.04088  0.006402  0.005992   0.05327        39       640    0.9512    0.3009    0.4144    0.2735   0.07275  0.005129   0.01387
     11/29     12.4G   0.03735  0.006459  0.005583   0.04939        32       640    0.9747    0.3128    0.3831    0.2313   0.06948  0.005318   0.01324
     12/29     12.4G   0.03687  0.006124   0.00534   0.04833        49       640    0.9751    0.2991    0.3749    0.2271   0.06933  0.005257   0.01272
     13/29     12.4G   0.03541  0.005991  0.004698    0.0461        32       640    0.9843    0.2786    0.3528     0.263   0.06914  0.005406   0.01503
     14/29     12.4G     0.035  0.006035  0.005031   0.04606        44       640    0.7595    0.4534    0.4925    0.2599   0.07036  0.005172    0.0141
     15/29     12.4G   0.03495   0.00609  0.005357    0.0464        44       640    0.5825    0.4983    0.4228    0.2372   0.06577  0.005736   0.01205
     16/29     12.3G   0.03552  0.006008  0.004867   0.04639        36       640    0.7299    0.5123    0.5037     0.278   0.06482  0.005421   0.01095
     17/29     12.3G   0.03348  0.005901  0.004596   0.04398        41       640    0.6412    0.6061    0.4953    0.3224   0.06223  0.005326   0.01011
     18/29     11.9G   0.03376  0.005815   0.00457   0.04415        28       640    0.7767     0.481    0.5054    0.2694   0.06342  0.005243   0.01003
     19/29     13.7G    0.0347  0.005575  0.004386   0.04466        23       640    0.6518    0.5437    0.4207    0.2718   0.06019  0.005554   0.00983
     20/29     13.7G   0.03722  0.005607  0.004857   0.04768        41       640    0.6438    0.5909     0.478    0.3087   0.06066  0.005625  0.009751
     21/29     13.7G   0.03551  0.005644  0.004171   0.04532        37       640    0.6786    0.5727    0.5077    0.2981   0.06179  0.005345   0.01069
     22/29     13.7G   0.02838   0.00541   0.00347   0.03726        34       640    0.3193    0.8182    0.5289     0.334      0.06  0.005291    0.0104
     23/29     13.7G   0.03515  0.005722  0.004469   0.04534        36       640    0.7472    0.4999    0.5145    0.2975   0.05959  0.005355  0.009153
     24/29     13.7G   0.03315  0.005492  0.004289   0.04293        27       640    0.7577    0.4848    0.5005    0.3248   0.05881  0.005345  0.008775
     25/29     13.7G    0.0342  0.005576  0.004082   0.04385        38       640     0.666    0.5408    0.5159    0.3433   0.05921  0.005364  0.008343
     26/29     13.7G   0.03325  0.005408  0.003873   0.04253        42       640    0.7082    0.4839    0.5108    0.3297   0.05949   0.00526  0.008602
     27/29     13.7G   0.03219  0.005503   0.00426   0.04195        31       640    0.6971    0.4983    0.5169    0.3397   0.05855  0.005341  0.008684
     28/29     13.7G    0.0345   0.00535  0.004315   0.04417        39       640    0.3453    0.7778    0.5263    0.3391   0.05849   0.00538   0.00895
     29/29     13.7G   0.03193  0.005416  0.003891   0.04124        32       640    0.3856    0.7778    0.5279    0.3418    0.0577  0.005405   0.01028
